	- Équipe 4D
		3007353 Dondon Thomas
		3801873 Gojak Zlatan
		3800061 Monteiro Philippe


Voici les résultats des quatres differents modes d'arrondisement.

=Arrondi vers 0=

Choisissez le mode d’arrondi: 0 zero, 1 arr, 2 moinsinf, 3 plusinf.
0
Le determinant vaut: 8399.99

Voici la matrice de Hilbert
|1.000000 0.500000 0.333333 0.250000 0.199999 0.166666 0.142857 0.125000 0.111111 0.099999 0.090909 |
|0.500000 0.333333 0.250000 0.199999 0.166666 0.142857 0.125000 0.111111 0.099999 0.090909 0.083333 |
|0.333333 0.250000 0.199999 0.166666 0.142857 0.125000 0.111111 0.099999 0.090909 0.083333 0.076923 |
|0.250000 0.199999 0.166666 0.142857 0.125000 0.111111 0.099999 0.090909 0.083333 0.076923 0.071428 |
|0.199999 0.166666 0.142857 0.125000 0.111111 0.099999 0.090909 0.083333 0.076923 0.071428 0.066666 |
|0.166666 0.142857 0.125000 0.111111 0.099999 0.090909 0.083333 0.076923 0.071428 0.066666 0.062500 |
|0.142857 0.125000 0.111111 0.099999 0.090909 0.083333 0.076923 0.071428 0.066666 0.062500 0.058823 |
|0.125000 0.111111 0.099999 0.090909 0.083333 0.076923 0.071428 0.066666 0.062500 0.058823 0.055555 |
|0.111111 0.099999 0.090909 0.083333 0.076923 0.071428 0.066666 0.062500 0.058823 0.055555 0.052631 |
|0.099999 0.090909 0.083333 0.076923 0.071428 0.066666 0.062500 0.058823 0.055555 0.052631 0.049999 |
|0.090909 0.083333 0.076923 0.071428 0.066666 0.062500 0.058823 0.055555 0.052631 0.049999 0.047619 |

Le determinant hilbert vaut: 0.000000

++++++++++++++++++++++++++++++++++++++++++++++++++++++++++++++++++++++++++++++++++++++++++++++++++++++++++++++++++++

=Arrondi au plus pres=

Choisissez le mode d’arrondi: 0 zero, 1 arr, 2 moinsinf, 3 plusinf.
1
Le determinant vaut: 8400.00

Voici la matrice de Hilbert
|1.000000 0.500000 0.333333 0.250000 0.200000 0.166667 0.142857 0.125000 0.111111 0.100000 0.090909 |
|0.500000 0.333333 0.250000 0.200000 0.166667 0.142857 0.125000 0.111111 0.100000 0.090909 0.083333 |
|0.333333 0.250000 0.200000 0.166667 0.142857 0.125000 0.111111 0.100000 0.090909 0.083333 0.076923 |
|0.250000 0.200000 0.166667 0.142857 0.125000 0.111111 0.100000 0.090909 0.083333 0.076923 0.071429 |
|0.200000 0.166667 0.142857 0.125000 0.111111 0.100000 0.090909 0.083333 0.076923 0.071429 0.066667 |
|0.166667 0.142857 0.125000 0.111111 0.100000 0.090909 0.083333 0.076923 0.071429 0.066667 0.062500 |
|0.142857 0.125000 0.111111 0.100000 0.090909 0.083333 0.076923 0.071429 0.066667 0.062500 0.058824 |
|0.125000 0.111111 0.100000 0.090909 0.083333 0.076923 0.071429 0.066667 0.062500 0.058824 0.055556 |
|0.111111 0.100000 0.090909 0.083333 0.076923 0.071429 0.066667 0.062500 0.058824 0.055556 0.052632 |
|0.100000 0.090909 0.083333 0.076923 0.071429 0.066667 0.062500 0.058824 0.055556 0.052632 0.050000 |
|0.090909 0.083333 0.076923 0.071429 0.066667 0.062500 0.058824 0.055556 0.052632 0.050000 0.047619 |

Le determinant hilbert vaut: 0.000000

++++++++++++++++++++++++++++++++++++++++++++++++++++++++++++++++++++++++++++++++++++++++++++++++++++++++++++++++++++

=Arrondi vers moins l'infini=

Choisissez le mode d’arrondi: 0 zero, 1 arr, 2 moinsinf, 3 plusinf.
2
Le determinant vaut: 8400.00

Voici la matrice de Hilbert
|1.000000 0.500000 0.333333 0.250000 0.199999 0.166666 0.142857 0.125000 0.111111 0.099999 0.090909 |
|0.500000 0.333333 0.250000 0.199999 0.166666 0.142857 0.125000 0.111111 0.099999 0.090909 0.083333 |
|0.333333 0.250000 0.199999 0.166666 0.142857 0.125000 0.111111 0.099999 0.090909 0.083333 0.076923 |
|0.250000 0.199999 0.166666 0.142857 0.125000 0.111111 0.099999 0.090909 0.083333 0.076923 0.071428 |
|0.199999 0.166666 0.142857 0.125000 0.111111 0.099999 0.090909 0.083333 0.076923 0.071428 0.066666 |
|0.166666 0.142857 0.125000 0.111111 0.099999 0.090909 0.083333 0.076923 0.071428 0.066666 0.062500 |
|0.142857 0.125000 0.111111 0.099999 0.090909 0.083333 0.076923 0.071428 0.066666 0.062500 0.058823 |
|0.125000 0.111111 0.099999 0.090909 0.083333 0.076923 0.071428 0.066666 0.062500 0.058823 0.055555 |
|0.111111 0.099999 0.090909 0.083333 0.076923 0.071428 0.066666 0.062500 0.058823 0.055555 0.052631 |
|0.099999 0.090909 0.083333 0.076923 0.071428 0.066666 0.062500 0.058823 0.055555 0.052631 0.049999 |
|0.090909 0.083333 0.076923 0.071428 0.066666 0.062500 0.058823 0.055555 0.052631 0.049999 0.047619 |

Le determinant hilbert vaut: 0.000000

++++++++++++++++++++++++++++++++++++++++++++++++++++++++++++++++++++++++++++++++++++++++++++++++++++++++++++++++++++

=Arrondi vers plus l'infini=

Choisissez le mode d’arrondi: 0 zero, 1 arr, 2 moinsinf, 3 plusinf.
3
Le determinant vaut: 8400.01

Voici la matrice de Hilbert
|1.000000 0.500000 0.333334 0.250000 0.200001 0.166667 0.142858 0.125000 0.111112 0.100001 0.090910 |
|0.500000 0.333334 0.250000 0.200001 0.166667 0.142858 0.125000 0.111112 0.100001 0.090910 0.083334 |
|0.333334 0.250000 0.200001 0.166667 0.142858 0.125000 0.111112 0.100001 0.090910 0.083334 0.076924 |
|0.250000 0.200001 0.166667 0.142858 0.125000 0.111112 0.100001 0.090910 0.083334 0.076924 0.071429 |
|0.200001 0.166667 0.142858 0.125000 0.111112 0.100001 0.090910 0.083334 0.076924 0.071429 0.066667 |
|0.166667 0.142858 0.125000 0.111112 0.100001 0.090910 0.083334 0.076924 0.071429 0.066667 0.062500 |
|0.142858 0.125000 0.111112 0.100001 0.090910 0.083334 0.076924 0.071429 0.066667 0.062500 0.058824 |
|0.125000 0.111112 0.100001 0.090910 0.083334 0.076924 0.071429 0.066667 0.062500 0.058824 0.055556 |
|0.111112 0.100001 0.090910 0.083334 0.076924 0.071429 0.066667 0.062500 0.058824 0.055556 0.052632 |
|0.100001 0.090910 0.083334 0.076924 0.071429 0.066667 0.062500 0.058824 0.055556 0.052632 0.050001 |
|0.090910 0.083334 0.076924 0.071429 0.066667 0.062500 0.058824 0.055556 0.052632 0.050001 0.047620 |

Le determinant hilbert vaut: 0.000001





